Miasto startowe: Białystok
%Białystok Wrocław Warszawa Kraków Gdańsk Radom Gliwice Giżycko Augustów Włodawa Puławy Rajgród Łeba Sandomierz Kazimierz_Dolny Bytom Hel

Białystok 0 536 200 494 389 309 505 158 90 219 289 98 536 450 316 480 490
Wrocław 536 0 355 273 482 353 164 602 609 600 480 576 583 457 507 182 571
Warszawa 200 355 0 290 340 105 310 264 262 256 136 239 518 226 163 286 506
Kraków 494 273 290 0 595 194 111 560 558 419 253 540 691 160 257 96 686
Gdańsk 389 482 340 595 0 504 534 285 386 667 548 362 112 600 574 510 100
Radom 309 353 105 194 504 0 291 375 382 198 60 355 570 108 74 266 558
Gliwice 505 164 310 111 534 291 0 570 582 524 442 555 635 315 455 31 623
Giżycko 158 602 264 560 285 375 570 0 104 349 354 84 356 515 369 568 348
Augustów 90 609 262 558 386 382 582 104 0 312 352 23 493 513 399 543 481
Włodawa 219 600 256 419 667 198 524 349 312 0 156 310 757 204 144 538 758
Puławy 289 480 136 253 548 60 442 354 352 156 0 354 646 101 14 327 637
Rajgród 98 576 239 540 362 355 555 84 23 310 354 0 466 490 343 520 461
Łeba 536 583 518 691 112 570 635 356 493 757 646 466 0 728 676 612 104
Sandomierz 450 457 226 160 600 108 315 515 513 204 101 490 728 0 91 242 645
Kazimierz_Dolny 316 507 163 257 574 74 455 369 399 144 14 343 676 91 0 305 652
Bytom 480 182 286 96 510 266 31 568 543 538 327 520 612 242 305 0 598
Hel 490 571 506 686 100 558 623 348 481 758 637 461 104 645 652 598 0